date,money,content,balance
11/09/2024,500000,Gia dinh Hung HUONG nha 61 A ngach 63 to 14 ung ho dong bao bao lu FT24255763933439,27343941676
11/09/2024,300000,ung ho dong bao mien bac vuot qua thien tai lu lut,27344241676
11/09/2024,500000,Ung ho cac tinh bi bao lu FT24255399100077,27344741676
11/09/2024,50000,NGUYEN ANH THU CHUYEN KHOAN UY BAN MAT TRAN TO QUOC VIET NAM TP HA NOI,27344791676
11/09/2024,3000000,ung ho cac tinh bi lu,27347791676
11/09/2024,200000,NGHIEM XUAN DAT chuyen tien,27347991676
11/09/2024,400000,MBVCB.7006864398.680236.Ba Thao so nha 5-7 Hem 22/17 ngo LenhCu-KhamThien. Ung ho ba con vung bao lut..CT tu 0301000296528 VU HUY THANG toi 1500201113838 uy Ban Mat Tran To Quoc Viet Nam TP Ha Noi tai AGRIBANK,27348391676
11/09/2024,500000,MBVCB.7006873168.682631.Gd ong ba Thang Phuc HVAN va cac con ung ho dong bao bao lu.CT tu 0021001126084 LE NGOC DUONG toi 1500201113838 uy Ban Mat Tran To Quoc Viet Nam TP Ha Noi tai AGRIBANK,27348891676
11/09/2024,100000,spa Katties tay ninh ung ho cac tinh bi bao lu,27348991676
11/09/2024,500000,"GD ba LE THI TAM so 17, ngach 124, ngo 158 Ngoc Ha ung ho lut bao FT24255302574567",27349491676
11/09/2024,200000,NGUYEN QUOC PHUONG ung ho,27349691676
11/09/2024,1000000,ban vu ngoc anh ung ho cac tinh bi bao lu,27350691676
11/09/2024,1000000,NGUYEN THI TINH cua it long nhieu gop gio thanh bao mong moi nguoi binh an,27351691676
11/09/2024,500000,VU THI THANH BINH Chuyen tien ung ho bao lut,27352191676
11/09/2024,1000000,CAO THI BICH DUNG Chuyen tien ung ho bao lu phuong Thinh Quang 164 Duong Lang,27353191676
11/09/2024,500000,NGUYEN THI NGA 40LK5 TDP 10 VAN PHUC HA DONG HA NOI,27353691676
11/09/2024,1000000,GIA DINH BA HANG 116 NGO 158 UNG HO DONG BAO,27354691676
11/09/2024,500000,Nguyen Van Tien khu dan cu 15 to 16 phuong liet TX-HN ung ho cac tinh bi bao lut,27355191676
11/09/2024,20000,NGUYEN PHA LE Chuyen tien,27355211676
11/09/2024,50000,DUONG THI THANH NGA Chuyen tien ung ho nguoi dan vung lu,27355261676
11/09/2024,500000,ba Lan sn 32-387 Vu Tong Phan ung ho dong bao vung lu lut,27355761676
11/09/2024,1000000,MB(597229)(Diem Thuy ung ho cac tinh bi lu lut),27356761676
11/09/2024,100000,Ung ho dong bao lu lut,27356861676
11/09/2024,500000,NGUYEN HUU CO-Ung Ho Dong Bao Anh Huong Lu Lut Con Bao So 3 FT24255608413248,27357361676
11/09/2024,50000,TRINH HUYNH MINH THU chuyen tien ung ho dong bao mien bac bi bao lu a. A DI DA PHAT,27357411676
11/09/2024,100000,Ung ho cac tinh bi bao lu,27357511676
11/09/2024,500000,HOANG THAI BAO TRAN ung ho cac tinh bao lut FT24255078019480,27358011676
11/09/2024,50000,Be Uyen Nghi Ho Tro Dong Bao Anh Huong Bao Lu Mien Bac,27358061676
11/09/2024,500000,NGUYEN MANH TAN S2.01.12A08 chuyen tien ung ho cac tinh bi bao lu,27358561676
11/09/2024,100000,MBVCB.7006895703.694436.Ung ho cac tinh bi bao lu.CT tu 1042131193 PHAN VAN QUAN toi 1500201113838 uy Ban Mat Tran To Quoc Viet Nam TP Ha Noi tai AGRIBANK,27358661676
11/09/2024,60000,Ung ho cac tinh bi bao lu,27358721676
11/09/2024,500000,Ba Chau toa nha Song Hong 165 Thai Ha ung ho cac tinh bi bao lu,27359221676
11/09/2024,500000,CUNG THUY LAN chuyen tien ung ho bao lu,27359721676
11/09/2024,200000,LE THUY ANH 54-27-16 Chua Lien ung ho cac tinh bi bao lu,27359921676
11/09/2024,100000,NGO QUOC CUONG ck chong bao FT24255924009808,27360021676
11/09/2024,200000,ung ho vung bi lu lut,27360221676
11/09/2024,200000,NGUYEN LE THAO NGUYEN ung ho cac tinh bi bao lu,27360421676
11/09/2024,1000000,Nguyen Thi Oanh A805 The Legend chuyen khoan ung ho ba con vung bao lu,27361421676
11/09/2024,1000000,CAO THI HAI chuyen tien ung ho cac tinh bi bao lu,27362421676
11/09/2024,555555,Ung ho cac tinh bi bao lu,27362977231
11/09/2024,50000,MBVCB.7006898374.697859.HOAN THI PHUONG ANH chuyen tien.CT tu 1038150417 HOANG THI PHUONG ANH toi 1500201113838 uy Ban Mat Tran To Quoc Viet Nam TP Ha Noi tai AGRIBANK,27363027231
11/09/2024,500000,TA HUU PHUONG so 6 ngo thinh hao 1,27363527231
11/09/2024,100000,"CAO XUAN TIEN, TUYET NGA chuyen tien ung ho cac tinh bi bao lu FT24255430068395",27363627231
11/09/2024,500000,MBVCB.7006831909.654453.NGUY THI HAI LINH ung ho bao lut.CT tu 0711000219116 NGUYEN THI HAI LINH toi 1500201113838 uy Ban Mat Tran To Quoc Viet Nam TP Ha Noi tai AGRIBANK,27364127231
11/09/2024,100000,Gd ByBim chuyen tien ung ho cac tinh lu lut,27364227231
11/09/2024,500000,IBFT Ung ho cac tinh bi bao lu,27364727231
11/09/2024,500000,MB(599217)(BUI THI TUYET ctien UH cac tinh bi bao lu),27365227231
11/09/2024,500000,MBVCB.7006901358.701942.TRAN QUOC BAO chuyen tien .CT tu 1015778100 TRAN QUOC BAO toi 1500201113838 uy Ban Mat Tran To Quoc Viet Nam TP Ha Noi tai AGRIBANK,27365727231
11/09/2024,100000,MBVCB.7006909571.702950.Ung ho nguoi dan vung bao.CT tu 1017109145 NGUYEN BAO NGOC TRAN toi 1500201113838 uy Ban Mat Tran To Quoc Viet Nam TP Ha Noi tai AGRIBANK,27365827231
11/09/2024,5000000,co len viet nam,27370827231
11/09/2024,300000,"NGUYEN THI HUONG GIANG P101, nha 41, TT Nhac vien HN ung ho dong bao vung bao lu con bao so 3 Yagi.",27371127231
11/09/2024,500000,nguyen thi hong anh ung ho cac tinh bi bao lu,27371627231
11/09/2024,200000,ung ho dong bao,27371827231
11/09/2024,100000,LE THAO ANH ung ho cac tinh bi bao lu,27371927231
11/09/2024,10000000,MBVCB.7006913193.707212.LENG KITCHEN UNG HO CAC TINH BI BAO LU.CT tu 0341007142395 NGUYEN THI PHUONG THANH toi 1500201113838 uy Ban Mat Tran To Quoc Viet Nam TP Ha Noi tai AGRIBANK,27381927231
11/09/2024,500000,S2050606 Pham Duy Toan ung ho bao lu,27382427231
11/09/2024,500000,Gia dinh chau Thinh Van 27b ngo 33 Cu Loc ung ho dong bao lu lut FT24255123349901,27382927231
11/09/2024,1000000,Ung ho cac tinh mien Bac bi bao lu,27383927231
11/09/2024,200000,MB(600265)(Ung ho cac tinh bi bao lu),27384127231
11/09/2024,100000,MBVCB.7006913610.707689.NGUY THI THUY chuyen tien Ung ho dong bao bao lut.CT tu 0011004413264 NGUYEN THI THUY toi 1500201113838 uy Ban Mat Tran To Quoc Viet Nam TP Ha Noi tai AGRIBANK,27384227231
11/09/2024,200000,Tran Thi Anh Thu-298 Giai Phong ung ho bao lu FT24255223600161,27384427231
11/09/2024,500000,TANG MANH SAM chuyen ho FT24255034975074,27384927231
11/09/2024,300000,NGUYEN THI BAO CHAU ung ho dong bao bao lut,27385227231
11/09/2024,500000,Gia dinh ong Hoang Minh Dao ung ho cac tinh bi bao lu lut FT24255541060480,27385727231
11/09/2024,500000,NGUYEN CONG HUNG chuyen tien,27386227231
11/09/2024,100000,Ung ho cac tinh bi bao lu,27386327231
11/09/2024,500000,ung ho dong bao lu lut,27386827231
11/09/2024,500000,Hoang thi viet Phuong 2-8A2-180 pho Ngoc Ha ung ho bao lut,27387327231
11/09/2024,200000,PHAM THI HIEN Chuyen tien ung ho khac phuc con bao so 3,27387527231
11/09/2024,1000000,LE THI YEN NHI chuyen tien,27388527231
11/09/2024,200000,MBVCB.7006923610.718795.Duong Duy Buong. To dan pho 6. Phuong Tho Quan. Ung ho tinh bi bao lu.CT tu 0021001113167 NGUYEN HONG TRANG toi 1500201113838 uy Ban Mat Tran To Quoc Viet Nam TP Ha Noi tai AGRIBANK,27388727231
